00000000 00010000 00010000 00010000 00010000 00000000 00010000 00000000
00000000 00011000 00100100 00100100 00111100 00100100 00100100 00000000
01111000 01001000 01001000 01110000 01001000 01000100 01000100 01111100
00000000 00011110 00100000 01000000 01000000 01000000 00100000 00011110
00000000 00111000 00100100 00100010 00100010 00100100 00111000 00000000
00000000 00111100 00100000 00111000 00100000 00100000 00111100 00000000
00000000 00111100 00100000 00111000 00100000 00100000 00100000 00000000
00000000 00111110 00100000 00100000 00101110 00100010 00111110 00000000
00000000 00100100 00100100 00111100 00100100 00100100 00100100 00000000
00000000 00111000 00010000 00010000 00010000 00010000 00111000 00000000
00000000 00011100 00001000 00001000 00001000 00101000 00111000 00000000
00000000 00100100 00101000 00110000 00101000 00100100 00100100 00000000
00000000 00100000 00100000 00100000 00100000 00100000 00111100 00000000
00000000 00000000 01000100 10101010 10010010 10000010 10000010 00000000
00000000 00100010 00110010 00101010 00100110 00100010 00000000 00000000
00000000 00111100 01000010 01000010 01000010 01000010 00111100 00000000
00000000 00111000 00100100 00100100 00111000 00100000 00100000 00000000
00000000 00111100 01000010 01000010 01000010 01000110 00111110 00000001
00000000 00111000 00100100 00100100 00111000 00100100 00100100 00000000
00000000 00111100 00100000 00111100 00000100 00000100 00111100 00000000
00000000 01111100 00010000 00010000 00010000 00010000 00010000 00000000
00000000 01000010 01000010 01000010 01000010 00100100 00011000 00000000
00000000 00100010 00100010 00100010 00010100 00010100 00001000 00000000
00000000 10000010 10010010 01010100 01010100 00101000 00000000 00000000
00000000 01000010 00100100 00011000 00011000 00100100 01000010 00000000
00000000 01000100 00101000 00010000 00010000 00010000 00010000 00000000
00000000 00111100 00000100 00001000 00010000 00100000 00111100 00000000
